10000
792885272
23447054
516853299
387929169
612734786
995533177
278689528
374879004
99052394
415566691
494488906
981295258
650268759
250525001
117066154
799896199
868729802
958809662
214792081
771655580
619056449
227248570
288068381
216527625
996442350
718191409
65606646
702919120
377297397
903583190
721670959
498425648
218649661
219576644
816888242
38120761
814719433
271441933
995770889
61162720
457572734
200847791
17577601
844264481
496860955
157885623
905383875
132006483
715605088
375119447
428238305
964210153
427632495
85606004
672597240
76091924
738816588
324522034
429826603
604542546
274795059
671280289
628942778
91461837
765959988
249527750
15862501
712170913
906187248
13942750
334107350
285688395
234624754
776234088
227943878
565254371
345193617
86281164
493786840
838553899
260418499
883505132
179284859
80166631
111255097
315731364
699240630
201976316
229006583
682775002
661809733
728495859
843204142
15047841
329444567
907485939
42979719
166550289
18791525
425203857
336769091
929642405
306372812
603759096
925570096
407581176
999190056
587745284
868320335
446329702
700993315
954901112
225364130
857014415
996852114
582870096
221879338
511297633
725507731
732039469
163727808
683687790
141096151
780268329
976883196
590896106
291161801
624055949
899291014
133276619
327026079
951503232
245015132
501484945
141650009
109533669
383054361
578014864
771503246
267367634
874442944
674967339
255509476
217540056
796771349
559861843
490080270
351247739
305081651
850829943
152742193
450738257
627441938
237390683
417502909
448534550
949482706
578078096
828490112
56769742
993568740
278333990
341730681
806242914
662068027
125454645
377631552
63897826
61385961
320361893
479636069
713546940
82836455
694841413
481924562
88039406
101918317
724031897
352616878
419191961
768671084
445276555
975721896
740206443
266861826
563626065
699061229
726451236
643618007
432621506
409239429
306702988
767778020
596688552
877749709
969822313
637357128
357173225
236584619
936377899
718998065
782436008
367769517
699159153
646091196
33582189
744545322
465127047
578123383
332783480
398483042
246456787
227592482
670634966
969413989
436430223
799084548
842593880
639851368
566273851
332175068
507956721
570024723
896793003
397406696
488550486
499396858
177102120
621394001
252879896
615576700
509186003
519663531
734649838
954154451
500764969
421099178
964442920
266782123
795056907
414008371
836977622
95127319
698472484
122738399
442043141
519069682
503037998
956329871
574687237
746019697
394818312
563094733
439633499
485712965
330371737
834236562
448857637
627159373
622285994
161026471
35999192
838940339
225007891
904567931
761161059
367421122
47373558
863783948
156948139
733008254
636812249
428441825
966295777
700302776
685115968
415067269
547919840
851155609
872950611
808040752
644835009
962596936
535896099
525489417
133330354
719120708
462878532
227728912
187866991
813929869
923132602
915302365
419002954
724907905
631387572
471737628
566790543
715974250
128053232
649593493
610652645
354642589
163759114
64931460
802915207
707166172
945291208
756332327
425871753
100108464
317579886
692390620
191968929
44298484
701417182
25877370
875897472
472206336
930806834
503352735
528264528
259323666
78466540
575282720
11880451
788186905
636048734
385755385
785340666
378917299
114787420
256553699
874717593
466666724
537659774
40932918
130803582
448192731
579139173
440257376
958306090
17722108
701247849
560739847
401954836
907993160
723082969
887716852
463540893
749561098
624017386
671860277
952228632
982336413
357842634
73160391
886155536
915510721
342410097
616509471
955654141
726484788
872278510
862597227
350884553
947316429
310245304
374586458
83525009
584806900
324670173
830124287
785084432
580994776
95943196
119135801
654026148
480189149
412460861
832871218
245453588
975794134
519239039
945340528
705396875
545810275
325210215
923546244
121686338
72192098
952368920
68687675
222171588
196704213
271617315
981063372
618447352
947494039
894948457
219272018
561276779
693287270
80121806
731563649
70074183
329903777
867298733
373933205
855466872
415066260
934868167
341512950
220683960
555436705
669515863
490909706
4373840
316427962
932647009
621966804
141262728
802731770
734750960
2333218
339086818
568959174
629857194
957318535
241396103
360281725
50785151
208840493
636155897
636309886
491582386
985575458
894162894
725883169
188951961
64058741
859214172
76736706
483578718
258734826
321468190
679413143
443058430
96381675
954000208
727607010
413205280
674224389
987263767
210923185
290293870
467804213
557019089
302204485
419850772
731984543
670630792
192513290
94747209
470195599
236587358
85506697
449186976
674166399
179783841
575824795
843901005
990261602
149430181
830012641
155585383
808651851
935997287
918626285
446659395
552796774
796547078
19011267
837189259
814046083
105197948
503139775
658560523
305178387
44160779
896862531
423164742
460190345
818587153
503668132
720792984
733577785
491599614
634084335
816276562
743211861
230154145
247930245
159064028
426240720
628773699
287182901
345555488
352836200
989727538
770125866
452606559
181969885
471497481
978546341
800972388
726312763
165043053
388236328
858036142
267938415
426695253
564220911
606422859
250195003
93872956
206727630
256856265
209558940
774783534
955186911
464757484
374677414
701754132
576769149
778803268
813531234
779115085
559551516
204304430
538009593
101350558
251793485
877022828
854731194
367872002
649232883
341205778
793838388
798615055
858943108
383887538
26888457
852447288
941853040
320497836
479053132
328958900
737922441
769140707
12590546
182254438
549887689
36389951
121028663
686899266
969213121
320016606
781463973
17032283
61896391
780209140
963269158
290291426
47520931
985110611
129530088
873222175
986463244
995409929
399696411
36088901
27825399
744491359
808556791
384227841
671485245
912198057
768349608
334094082
99562279
334907151
226137710
696526748
11669318
947709609
483710156
430971611
830214859
60715055
712175751
763769366
373785986
373455729
289423915
415033990
718485481
309546094
644320293
805196724
442145953
778322486
669453909
445030614
130382086
115115621
489622881
742289846
698868350
620416694
398871624
197285518
279246012
160762620
276185923
143720560
138319540
675146563
684765920
36519490
823138493
893279010
845390747
102437407
106373626
954894746
688895285
327475907
181407826
919838980
446281651
894769067
841582156
105679595
885336566
837213491
348485173
981704413
899830958
38732157
672704875
954084156
344933199
376184806
62369462
124809633
291222608
384439061
960137636
936110442
156988207
328131465
330158868
99812209
911219936
752294720
296032202
435849769
918529697
351071960
90773075
302847930
266602195
459846325
446369883
647320336
220575359
764127085
739844491
301211045
285941304
236426421
316134641
141385703
914019120
35304247
729940486
943487748
267601450
805425974
365764090
436626399
433725817
91359371
582905727
654098299
575828116
729573409
146063380
263826559
656588647
413531140
461210159
569745004
756937687
687405354
544902629
218995015
807501930
966472667
990302527
332633319
755284700
874941332
273515240
259898173
995205820
968213002
640906193
205728213
25695461
406105373
805869208
792041500
962071342
52042984
107333242
290463607
300549835
24289895
717532364
89457926
167205385
320462664
266498333
937022092
179005757
964350648
215970798
902045954
419695061
341619122
419751111
214508683
347179265
692886694
834077916
96254394
390246471
209860580
243335870
837143022
675797749
442704659
161252139
359346740
615730155
841789207
198119493
494019779
431439132
894546509
939581593
918072131
691821360
402276273
684878874
461446557
470985008
215239592
249844010
103154510
205045570
434509848
952404102
490325248
731915529
144363774
840324380
468410135
326650534
636301073
946843943
752578269
866931378
548202438
392070811
804239999
322156738
921209974
374914860
809688177
246349180
489926233
360657891
7603281
897726848
943540967
436096843
284567901
464089697
570875777
297424498
993870888
92103682
441804566
928081364
677109929
82814268
835448071
973225619
136713158
791689046
542672944
224095263
826067656
743004212
42463413
363259865
807865083
637411156
703992688
833023143
616774023
721386196
380910799
482768511
369661590
92533846
713894422
233933026
645427814
599043087
544147279
987217395
663399417
515386711
364899622
765566865
958517139
831879863
928443721
976243077
911921185
399328673
883881611
492264236
800319661
235280016
749514038
902748452
81442532
41271113
579415983
106877337
214357048
943307064
486921523
825109491
792665843
769314
553452715
952115651
752785639
51165383
91136206
771014988
140394329
525865809
275373822
494903920
150587453
415744413
256211316
895644482
628636653
644048969
395296404
19803811
85688708
490015414
291839368
900654718
158456321
878275743
923115024
493743541
337206558
747880671
616342245
110672155
982359831
681635507
431601615
759341878
29857527
851533116
73891980
722163633
476085391
300341155
810529104
379302158
787883856
331063173
330155186
294027193
363745390
683340948
668040472
109124692
846919835
903011992
83381079
650159297
590121674
484750990
289170151
654149620
405787184
449427921
803602781
315055635
648613878
933510164
842614333
499737319
988449108
155394274
517084531
387783021
526019469
743795254
328333073
959713856
284167369
969194521
377841332
732910106
760371053
114216372
792708326
631129099
846770833
77449307
205490912
873592436
125770490
286104919
915049831
330052806
528744087
694733483
590617467
743425825
500597613
442948924
254762101
132808532
466208009
246716403
437534154
262519825
709199779
878155639
735079695
844198711
873919116
309691727
95983787
690923113
44039153
736098616
794022643
729994330
870860042
184918151
937894122
67659068
660094715
908757384
639233025
784034985
606588672
73151874
425503153
916311067
425026921
874812577
841495225
16094252
581302303
286629100
500561689
331248012
504516450
443930273
436844895
362625643
396617325
728368750
896074180
996027086
728975092
387904028
358970931
934322672
759406179
582914943
200881415
743140778
14258044
210062228
232093854
581841253
28686250
728268167
245035992
173486
687325509
588162586
224170562
602596626
980963143
419181038
827334610
610859557
567486254
512322409
369655956
758332708
979646050
965316077
168900250
829795001
585147964
10484215
644714870
624101271
212305429
689578529
618931496
749827178
505390387
410640045
213481469
38084775
391157891
149708505
425384711
947755535
742134294
156868089
609070344
23794305
92440621
299940568
410919084
844569015
677222335
861684359
825147834
894409524
585070169
260032637
907864303
628609597
444117999
811563485
991007946
132535905
746735
778886829
403859816
915831843
520163812
973383372
308443136
242317189
531703850
183080024
450020388
313004849
434571234
980892755
722772880
704372667
923819009
375206155
407141982
98524403
950814730
438378614
6796402
2283018
762482783
198386211
432918794
941486505
971115868
990812609
250404364
630396889
474044591
716456919
430853684
836959147
577235592
549562602
307960211
95018872
409703036
227433174
945295321
261188914
240340150
39494773
32971231
583404841
359939064
496230952
336999520
447652491
449392760
699131447
136717262
559149111
200098778
363543346
44218904
968886585
176942928
296048958
337713896
283521908
569166007
602281751
198614164
455112616
673615454
316383568
425042931
748879581
535302272
242422486
730289878
963394428
530168355
772554377
824427601
813170335
549333188
220288112
404076980
102871576
754534072
82273012
860144318
825152120
989905194
329714905
947136054
115308608
87605813
644628394
815951026
180365990
49423938
232620734
165647788
143665219
567851358
871832350
731304988
567688384
550782549
719610841
946500611
888173878
944068697
432983050
986044047
598223175
756247385
275953314
640725980
764258379
364045181
561448583
6046281
854796975
78937221
909763494
388369940
40754864
374921655
932531715
500728876
515304487
58839534
873656217
650923698
73515592
920117524
403112451
356298970
427817754
828006900
918662953
464701938
35911582
679219847
728981351
331128637
971633898
9628299
227139305
143099636
427121247
415051281
673430706
815096178
324023660
739365256
759502439
44413502
121691096
868314818
116674620
800321753
73282955
680187737
410203515
365402406
360501035
308006694
41915920
769057128
325210078
644635195
320726897
344508618
141324625
800172442
48385083
829670579
964649712
102726423
769605538
496977468
31087039
653713012
634346217
49764729
698312212
119768701
569030355
721742816
913840646
930279271
218632428
967707356
908342401
446339622
878273424
128558286
823590747
972930623
496039934
39162908
845602936
629193880
150975279
166227085
284513950
553914151
570667537
158743677
678642098
15111259
896254542
397074156
81180954
204227752
504936807
873488297
90140745
337183701
232191586
664338957
499047953
636438589
796629708
863274693
517049848
891170839
298528925
392152473
933915269
51698717
903517449
207621580
791221851
840991129
432040143
971627011
758142983
741691221
715642315
102762475
444303181
97003972
29966152
871741286
305479063
591574227
589758139
886291377
214537649
578758416
885411416
368504199
581099027
927815573
666834291
827873797
801498649
152393517
472281328
36351653
342212636
34975792
281371497
416352150
850177068
978183014
145223048
146051109
36174647
432879170
904435952
190274107
100120307
730237431
522415057
344849882
541208328
92633953
373076168
781856876
141408022
193548499
700324926
301712665
868531629
480887865
962999188
465170388
768520314
481683118
861634170
945963258
773843078
883178432
89878236
454703300
386803815
883632941
693325990
591508275
997577282
77472526
527956673
340341357
516815524
438982668
648687975
64442662
657968147
789142286
909578930
592659601
75925757
528666386
483720197
351159898
937863989
434710216
896790600
718750772
2763532
819843377
972488660
318058475
57959115
730214748
696979884
996032426
693811941
394597109
525944318
834906534
842119900
256277986
434018550
707090594
487840826
572269129
885089163
298677062
628366055
686116373
683456829
853033013
123977673
603923449
35507693
408087377
150907426
928130245
819285517
846008018
951619244
120790887
656834023
966208405
405246365
230502348
672667006
262602893
624644692
231480417
232855630
685499299
129792421
729537438
847464749
776521688
706344321
23361270
278143014
841786089
816495815
653277728
335838721
244934469
810896537
77396850
138344555
840958761
855655607
233287743
60542439
596608970
417974419
258425805
980898155
198297084
326783677
899995798
520510854
758061516
453662882
262623090
120755185
693741224
5683980
948473603
684161656
196629468
134488091
457828096
575718145
521662382
561960575
200895129
322730211
972789888
95007758
515988645
873552217
937298556
353414698
551694111
831424639
923247613
933523450
235913261
194741918
220714856
69857391
733359459
803608177
325980728
191675438
636683422
284257435
674241736
725780598
358224970
120099101
477468512
199587543
767165285
961225504
516650156
240278116
72240948
553282590
111181509
175927755
371137622
46141161
740215461
233065015
609403202
773208143
838920167
666990388
804618175
620245220
231439696
463923031
10039734
301672699
381382317
182145144
533905780
265685279
742598386
830779635
568884359
921509781
685320474
729223279
738338770
508566435
807008591
933160828
91065703
185425157
202918879
858971222
176422787
710695038
27242016
626979849
556049021
395662490
672053937
396436189
707044681
640179006
453853875
626408076
309207435
483027973
199197867
469270302
45965200
336226351
141383817
952208108
892428215
131151081
122651228
736422763
660656052
92683176
217894050
998944417
799684475
78914503
418601321
461493961
891071436
619342862
681087079
788990747
397737196
737532373
45558552
645768994
339423859
353366557
193359088
695402356
477046623
256586712
803254843
200598957
414392509
180801145
979399607
150464027
745211496
173205005
389587475
636911065
240753067
169133349
933993074
918599348
164724852
113077243
860315971
717599513
877105750
783627620
645539504
956832939
188836420
594805171
912943222
865833065
405041592
85101692
981171427
161771937
331760797
429163002
866281800
268744459
496372012
118982788
861762864
496906783
121056317
254397032
168963532
198304106
276539678
239398997
836396602
596604357
899506981
117338001
361072785
219355617
153415158
47055036
900474263
354220913
441804898
594262791
801590140
316160181
104707701
784101296
698774178
342828417
974105254
556324144
529494980
760426199
520226663
287486863
874012127
609585304
424823800
675565192
712714533
524792897
837350162
998191396
715094748
319430603
307742372
701434113
818185879
802697003
258350069
447581205
386163557
907788481
785047336
886341883
707537811
526154811
302737822
410232593
375040143
924244052
566289529
107836609
661430174
972109120
946752533
970002917
100634034
384587248
694687940
707808456
793624074
35663200
344106008
22571541
894621431
963023439
890446651
112894806
510640320
588235802
108845575
525664852
376308989
322556660
261987241
372368302
221061437
303114910
593708467
896310687
170967164
526630936
858768999
440860066
453046723
661971073
167512079
613399322
844119055
76198360
947798925
726670930
430442097
661393932
20030896
504180516
571321272
935151510
664808840
650286994
452141388
771389000
751373560
471408482
125196074
673046922
62792534
89382940
174219648
15351472
634387259
599036834
622373970
196471220
982854525
155716161
755597245
636119665
386745932
611884499
36917696
438431959
34875256
501362009
373968077
573464682
504489924
922072942
581664322
937374312
147753587
256768517
587582633
5361796
225045760
510643257
666690520
697405295
873344092
507216632
62749688
975783595
588887806
524867538
390631415
359091013
693508970
34843550
971419535
400490920
397807503
102190498
251686684
496028288
1178956
194109727
200564052
769831413
7617339
295729635
995512566
620178816
11041261
924878349
406021032
694180262
144844338
79894211
158597837
545230777
949541582
742982951
499012213
878579907
225163587
356688668
885637767
451684179
77669010
761119555
321680489
574018541
805306661
628747898
808717660
679506591
293801115
100635964
434649606
926760739
702351112
727808139
32119913
374145317
814446022
896296351
743601502
525246952
686903138
637456479
61843022
726285073
208577233
202323733
170064119
970598421
20785916
97196827
64452561
856085794
574997944
598627570
509350221
983647266
847713702
320809593
441818637
935919436
322734432
599641157
345016844
401465924
441707679
765720200
584345819
446839373
645997763
829112152
190484657
286582461
545785356
78982378
723603748
821318950
681190668
406760768
328678033
170679250
308241689
749918337
704294362
500023144
747416986
53338674
750763847
187774816
562602155
675771737
707220476
17456233
437737039
191114872
532706385
843965273
61433537
603614515
660267609
397555956
242706290
937595401
18320652
794796377
868099802
306482023
274601456
877095661
105134569
838653394
479463913
715571177
234959185
90369889
395422854
835595435
844776156
895050262
418838053
183409820
388225852
199221204
66024693
314183716
671104615
97583556
887358215
164038670
940943111
968856756
962156308
284336844
833102836
119984089
152835621
918882949
396302513
351853792
763858759
402114464
579199478
741961784
630745475
287295120
958431434
947757511
109280235
661281818
438620056
910953548
457692628
730127595
18837601
978164212
637353680
662138792
746030639
590210733
939394574
266727561
618943288
741138798
648648411
136259416
64744973
91112231
75249802
88297346
261586617
441345937
608593858
481141304
478991010
281942201
37041658
995126413
454863641
157721704
41170825
54040590
928618979
697386018
854208874
553316701
273284646
515482873
405488681
928047416
282339817
359643278
734351116
947406020
894097879
921219073
114587623
368696113
345752119
884330126
542709504
461411022
245675138
900489334
368445800
43974137
12444809
634712131
595865103
599736515
96607138
312205748
321101310
86989565
690618379
835219542
669064352
590227726
591960357
965379117
140387359
59709164
403590785
99451461
627049219
291760155
718503729
836846525
719702113
285181164
184286307
29895016
784160946
454398079
996046358
19914320
342360109
72571292
115987007
214334898
662731352
709343313
198229007
240182930
363409362
535091079
356378028
881831494
754725137
220791978
566152621
785164410
885014932
620933713
87470997
38892320
43135390
51116269
614805699
199354234
341359415
270982375
625329315
822195401
452907959
487085812
762538690
78625966
996225050
208548298
364174772
566685598
934013006
139756270
673901324
176543807
692563759
486096566
252202130
253436267
59564662
584495504
86761557
442627808
90345674
248551328
408166169
568360395
531105573
209440272
485533180
975496954
940302444
568015593
952270082
749292620
873158185
273001232
597103908
476205291
736711135
634966935
669842265
730378524
114930313
53118806
280111700
382934329
562245557
882820405
298775688
958958564
315690566
326913426
683490208
941872308
774572020
832619732
495095327
675529792
782766806
725396236
361854617
170121053
144232790
932056848
258276857
802518931
168124508
433693810
833239502
775083732
357333463
312762205
61806636
153284524
102822218
690496644
629157496
75860963
963399429
689899431
266484536
250535612
37325238
131142150
180579148
912713970
493340072
100360421
77686102
583777740
99642699
889633856
477002741
113648020
872234599
88551204
865960374
362089050
142236850
287081076
567121274
936650714
716224251
279151926
623850363
37955889
562876181
769765967
958172733
701404520
314381493
634162764
307412667
800042470
523103693
399182469
27192993
669740164
414390349
256952579
779221704
968608336
724908686
826745342
303791847
489625182
859297733
147642435
14162428
754134093
91459849
563086258
711502141
122281831
737680948
486138300
851317453
918820404
931444471
158614170
136505194
84990901
909127946
469541218
868321659
877107037
463130757
420293314
820827256
583455643
370227372
8352645
392310164
375478896
300344653
651775380
438229723
26165957
21919621
870969168
679586851
254625727
407434792
847365223
637386325
966750732
740226761
987228159
295346793
38109127
375892605
295602133
20348247
957063024
919980360
839700677
871882467
105800990
32324620
63401989
238294743
531215001
639806707
967705845
587479614
411921095
80316855
288229518
409561156
872738433
857118916
235055605
897164417
741131101
243408534
401019051
178699660
997246051
605874074
469876218
430087961
246324492
39826730
289583392
997864540
811713454
514286205
133684214
357083630
900840947
571639871
189540084
281691654
657425020
786689584
245118043
961161997
549966984
551319805
374012127
135909151
53401867
216058611
447142068
832831617
567517752
247355020
151281379
415543664
842326644
870705095
261559320
370219002
379029650
823672093
732626149
726646635
821607158
595402842
205230308
277872076
291215400
293322070
62212412
163012610
118076227
758127497
422401771
221703289
305022023
721209863
346524778
372772586
379579226
317058066
213119895
595976564
911327873
200493414
713297606
146464133
727786283
907175401
230936255
675019985
852122313
389227160
693124926
971880457
946566837
602954710
504914791
849598091
627143621
429620100
852876685
791821543
3714707
66722416
640488253
608674717
630946497
921799427
496041607
944726491
978754171
433035143
264431577
960701927
171367934
369789990
297735873
361555204
826109830
806868047
151561567
19400535
758330573
202574119
3583179
419220706
906095859
792273643
817498678
953880262
15049886
670398801
410048548
427042050
656899677
967367473
518854704
199476769
527091030
630420562
771859466
42068021
396755086
831895531
363922862
313364842
729479130
185188254
989806743
678043257
84526240
618270003
890077768
218452015
369687719
819870649
801386823
691458841
490962117
229359418
230570638
908630117
297878753
536785048
926472941
460331488
29354212
42473425
590529252
309721651
906745236
769678593
20267390
216383189
559812354
683856332
729400703
336650946
762684425
520448429
961696138
483422929
830580660
138899128
820870718
641396320
297216799
499569660
737636838
189257758
283474406
275600336
335081552
232914991
343557384
305043658
298192275
693231833
548748979
884031525
124303487
14255637
261597342
1792973
126123111
504359594
453720634
140453924
207454476
259565515
37997747
521558593
683608905
250120942
960661110
922368922
314299838
858894786
137652694
527887381
651325401
107012853
285585897
591800371
473369668
681266616
254732143
848918555
725456581
810291370
964582236
700422588
514705971
239679023
695704804
767108348
231174713
497164862
751290559
595411403
877752983
529071121
917181488
92350571
151592251
212568824
742090451
138926490
564056677
305533421
618782575
925177681
848267208
498777952
82906777
762046407
945310829
148097445
378681887
305536659
463900350
815200948
665147301
449281056
398923434
712893273
249554923
872803692
345948994
130902908
195304101
66382533
405426289
202830899
988744959
880480762
454614460
284822544
869426275
13416212
564615552
836232798
27538100
618038290
228161559
390895118
444420365
971506454
628065777
740373607
508441604
718188338
892737448
167328387
261019562
472116256
374503062
692107475
707457061
51781054
236271350
648576037
473329247
750479602
654280426
489810743
233035877
33389700
924108597
956627965
885084439
900486806
890079519
292402661
429859777
879665333
555398633
434883360
81317357
970990630
644789684
517693955
583306512
689704007
141081206
364037461
301640668
685455467
929278748
684720511
850884105
226816231
733402813
130204790
779398151
843595481
843898139
580663782
810874804
238005860
607362467
458097686
758739648
414336356
174998383
202981411
209385803
456122872
346966210
62483435
40457528
748077940
230393498
136810381
369798745
994123075
764617588
66643002
119886981
919268942
242119725
509082225
358649079
316917918
768432263
385585607
350842951
201475228
11539043
633615720
944339765
593376019
430131866
938888733
186908666
446712843
729819274
11374269
126130670
313704316
766598841
798255015
456829385
559353863
596797150
835222372
337543460
349600821
885622745
582817163
884269267
743526664
485360968
143156797
693981326
957290270
978270821
775958497
527523934
457372281
58796767
586821672
995628574
163980359
51902859
151377763
251979877
298813475
151247901
149825107
252281524
200492328
697076284
316821153
814519500
643414103
149603218
475239727
878405054
177512002
161640432
473352577
745933399
535313690
771935070
787542586
795002697
795321751
86156313
957443779
890018943
864386621
106461641
711690791
244603175
555628401
202718581
858432379
958890029
367127198
225059386
621424427
281425861
26347918
576826747
165381135
657286598
839654177
857555723
294201676
976735799
409703336
597614746
621891655
170285553
316367919
732186158
980496742
933198096
467563109
306945745
736359754
865333276
35632099
314566723
631250320
796433162
351783496
599879928
835360651
816264035
86225880
214400253
654731967
176082316
662429899
947554919
173789198
554679123
600910320
37672491
516991881
333655916
778920945
866654890
149543878
577318753
409360819
185497130
385489111
248439755
77127577
273526657
670516859
394260711
909379789
588757852
816671944
914861202
887715758
63985901
956966024
839095111
772210880
194245390
924933108
569352475
271327538
205124456
406347877
961731361
509644336
143840984
161523361
18955074
68451066
414414881
648512390
673135415
884738479
481980881
571853956
49899738
47889963
740241285
868342250
119689076
841258755
369958228
907204719
528835645
109458792
232664388
401657492
687932295
211394722
929693718
914196949
164190664
761962652
388136742
503728647
566542118
981071382
630576943
602115766
908538237
94801828
971732965
29674881
705815792
825531865
808685320
842133931
409901489
193186083
156010278
656152114
617471507
812250368
154651982
204357218
606845038
125326773
486505793
849563979
355647090
352084086
2591396
415423213
643408983
886992381
882067745
720709339
498858528
517263744
742751678
417412204
872577578
297730974
105071069
688321137
590385216
247514414
856418287
676509414
42362668
871915584
244342143
119759232
650269873
820965226
188896272
869919251
481005870
394069683
962831243
849923473
924296281
955060212
993040230
745206095
125676789
200887623
276410871
77742617
240910881
241979182
554240766
981750825
766231760
780623069
236573284
947122736
915462434
382516360
715570543
381492337
633889870
130981000
616087973
423240970
549162532
355540253
201160105
511833808
433263428
100710089
337653863
657854947
657970316
895911320
186842853
371354671
847384242
754976843
872774407
957760490
662916927
5741679
366198934
818965819
487362831
547731485
885527036
985808659
538963615
333089845
988196745
866250419
36393829
480984325
359172881
280786817
163804799
132774161
536309933
167513385
840421572
955017243
34566257
802949409
243982543
797143087
129233139
369313911
900085357
3713279
7886417
471465638
92578354
523478811
752986745
979882133
312293699
447092010
28488792
993580340
702474054
744461938
549853610
283657547
455060825
438645532
666441747
547083129
190751184
724156039
680530758
279218026
765161025
47955141
702593471
381157995
761275766
801291993
244655900
806645370
444192276
933648295
526934962
548862590
381337235
425846417
656252716
826594048
24737581
442336960
481796104
249346264
776632671
714715654
10494
857569205
478168574
991808103
940346364
70746228
803809122
638380754
381281873
961698284
848257777
963300322
718197478
286451282
842719619
91303869
167283669
990324630
206756534
696455896
128083198
692105557
766213927
124106295
714112650
138199600
550809846
599435719
856572823
93768191
257565057
445232733
223453801
611245066
224297680
958586420
913846336
512453926
797439900
326776125
869778088
954989700
679610833
257919040
455413570
449653614
830437441
741761641
311767825
779585421
635831625
459423836
76128670
44061436
701751714
402371829
678260390
200243864
75319761
152042809
189045015
704223482
229175409
415439816
100792989
273669429
75111851
906244165
386162981
221219998
654170569
304451804
337558615
710920381
878249020
864333975
211647576
275124247
487545368
361227402
285200030
99748527
124267275
897348841
634070223
89135934
399596445
807360971
416332017
158009054
544673603
341597801
623883837
245922884
632387600
683077076
501170701
764053889
599163399
555875122
944550108
591760139
898332922
366980816
778518113
558457320
326091039
341804097
584404905
938197505
712339902
731844250
597313030
459138439
937923318
862950079
303902463
948392792
227211401
674940698
268087636
2197562
598361365
653306881
553710438
490541976
511383978
218590368
184609552
932464328
513835107
815618153
322671278
647130708
666595895
203060108
550872474
548898762
124010896
623932615
426319279
870701513
878643479
703472934
362460646
612624391
685728646
795496256
247222320
577170568
643318948
940499908
117010161
117303965
618194638
958001018
42102160
989985304
102577846
532978283
61915730
838565860
809903226
160186344
73221846
168102410
492869801
824322343
905205215
851419024
589483272
953855441
135542261
271839978
435399444
803537828
85890087
727141640
143317143
100831361
286837654
59311852
133537502
583177846
887512412
416335590
649583177
216912788
715593357
568554829
838967834
720485370
931539152
870728182
960682672
537329202
417075130
645248808
114562130
890254253
113168126
717270524
816636632
436188126
766451799
306794116
928066877
995878992
743000590
272584478
843453934
345668154
113916553
713364050
674157794
563927364
420725260
102109814
16795187
146966936
257837229
332638740
516490865
723713126
482521114
21311389
722168035
668098474
193756371
977619857
264461758
3616364
220609202
138916667
349625450
8140049
391659337
751693081
960008725
814884163
682966669
808640813
870055982
152253326
837139955
673552138
544029857
166301258
786381811
881284392
647685766
407568422
609766218
914266655
246009888
778051110
691307740
812692977
700931741
273152185
506869990
403233741
23124963
67293041
374826660
4328607
266779572
724323966
476344000
493171465
933402403
626679289
495215225
12449175
678750059
444824619
347531159
141479310
247908381
367479526
52109171
794026418
960586906
155442552
661969604
411474708
479605437
307295215
291548441
721703971
424920791
423619306
384609964
147790802
395877315
279240831
406039555
919384297
330164858
570398022
804897480
493743411
27169579
48935839
410206482
536281541
903042403
792376822
101531930
63635301
144938433
497197616
918623100
163571868
689946935
135865741
12067566
245919907
970917522
716999003
706729475
142424480
590122916
993555802
519110069
644583559
944988720
348431167
634683796
691417933
382789050
674323653
691359092
69343196
248864572
511782672
545355308
120078174
481896731
990561459
889214311
153007617
547144685
154998278
91052035
500276382
180856456
11131353
95005115
868327216
927121921
657673498
266660899
170910809
873218595
307625857
613225708
514200569
760542336
477460865
362411481
505719552
75351558
391836714
819580009
941251187
481096601
984073220
166822012
129486492
47737968
164370037
655890682
714331891
394588799
966920969
513612756
889309248
303158967
480025358
489389121
851340552
342728987
831374373
679037478
348670401
165734684
519353775
649914075
92323617
337595669
733442236
746201314
303887801
447611516
576031528
818387865
716343897
257359002
854520178
95715676
108260361
748208136
433361439
756659463
4296080
333948558
392317728
530612627
36144682
184240600
852831391
272115413
368597694
580256286
388023583
747730232
962719236
191076
499204001
39792579
919659646
511120268
642543000
116791030
318326681
368685381
780563725
368807073
363607969
447617821
557110777
441201921
880947367
289324098
568914176
45610052
218870480
41533573
343724194
74322919
20004866
943906008
988101420
349242133
488017047
389068531
346860252
312253407
255409951
137805698
897188385
621960150
705708997
561101918
82730294
855988620
521238520
41472940
413443370
345571764
327900348
263376746
409104325
585800930
399317658
646962800
751487952
144061303
920867308
339602986
292940145
839337466
817752854
826363389
708959132
371391135
758911394
43168055
704412685
863310415
578170859
34210325
166824933
593792278
641897691
762420246
85179846
622066167
919391089
744803209
936615340
87439605
349881510
209269570
162789535
500610410
480610293
902123703
117949030
402984439
568027483
265167741
446949613
741376634
522591558
693051800
721336118
411343281
35158461
314934365
515485905
195824408
268496014
693499850
969022364
257770493
216305679
365299880
596684665
928737896
701806980
463169554
619814829
117190433
676298230
527291765
88236743
277723487
649277725
871516254
167235181
999410665
793204350
693486884
792746551
367299858
130399458
520305132
525082333
637533565
456836938
211086114
177299352
85700550
320133317
571691557
596249555
608090031
95896779
151594068
247797046
213354198
274951749
62624325
82945264
263478087
487926234
156025261
380454189
853010571
607893843
10478398
460297165
831747199
793435005
510333224
44653418
329135145
843528706
72660219
23308693
370796024
607114058
230173215
41036469
216734013
218533946
721249517
74126328
295663466
762705873
735567622
325502265
56908682
725851722
71075784
727244139
456395221
132570330
519866977
499345084
556253585
990698343
833122310
306481138
548475195
856734069
849849793
892234805
894242368
186701645
662035753
745516610
461507669
865846166
654654292
391773126
398050005
834558163
636554430
34333215
116833841
341765896
142467807
278010685
692881819
214419962
788223884
33715022
546076342
337887722
220860819
723321429
632205039
275105303
427111481
308477053
267336699
356434094
554505985
870749313
770126750
164445431
405581761
130240305
64383820
494607361
871061814
314685331
2294183
667283392
623523123
781215979
429015260
444487125
914349937
45604406
614316365
311794400
993899639
38899009
260944001
554495372
835361729
61600008
120190040
119041670
861452492
557416217
659910975
778526953
785669111
328405701
725864721
787199399
728628201
351450230
591241258
697953795
70448907
939435256
55140127
168554549
638922544
495886343
185072758
871998115
789543521
729917906
766731141
262047613
511803729
301140924
124421617
40664018
366168761
228822252
454896537
222269679
343032759
835301852
902729854
819753351
683805391
586983279
227395641
363865043
933723980
553854666
41358649
268823129
955617757
195160671
773365992
762572284
131630459
829067970
189685224
877818394
156598908
774360692
456906885
798626012
796919344
90711140
447080906
227398747
481913378
865068968
335185091
297210563
977480306
273226182
262865874
575816876
271834224
368298462
267912360
615717250
33352219
880784305
664927739
765392335
581304528
492165410
776617104
867491160
140807677
6878725
416635364
646338081
479882855
942036057
450532216
951609059
238839057
603067688
147410617
532739277
681770684
807124405
893262379
794209824
763832227
345600277
674429146
44427505
295201203
9124024
8329532
295038193
405133314
287901300
977857341
358147631
666566340
370729149
103563475
451997149
306725920
128944692
122724564
599187251
703638152
185417588
778592087
160090691
467161299
578885985
755760680
899893204
328413900
435536257
517443839
582478165
933851086
352451392
98197069
563935197
278290189
765906222
586989226
430903840
642145591
886347789
755075496
223365026
984734754
415153689
231509126
73905349
689303752
796719929
365540216
105470622
997016586
524166998
207806503
247614607
628322885
498615109
739764532
357620154
3884064
593961264
626072366
894531161
205989291
184510856
266430516
612951246
734346668
543896522
336732282
185251964
443469568
952620349
95199327
335439993
495539690
681284901
912689791
231067419
676471932
100705119
503232681
84751574
76670840
857735834
343230961
966121984
373761426
979854449
21597600
190343301
819064250
754236051
645152591
646938695
208879341
670815919
255614209
911038076
410184208
216882354
668604612
23614125
647272
629727330
119682549
577675584
66278159
177080847
100463606
889793798
896965059
103914737
857452025
662172712
324296614
133592472
13867634
305258752
160456809
196382697
168411356
189617857
417350089
262635401
13858464
723855967
824362043
840625056
17102171
578429654
593874360
722375728
221823864
280995164
115663359
817943030
103298313
918786410
550523237
478840786
801803236
573528020
35855541
709111142
826224202
61583340
412099067
437659703
213329943
984635296
889757583
451734846
441163947
569974987
743230442
347205550
913826001
2993039
559597760
347419168
553766302
405203424
596069456
881956634
371823637
331827197
78995776
846423512
215173491
170293949
549256485
331083848
661224920
544964001
632586322
729431018
182883267
386162971
865332292
53009972
154617520
858262056
221647133
232965194
624552161
546456105
568646943
602143837
889163495
736001155
312640660
578327975
737016255
546546861
290533708
691755142
187065940
749856792
358658555
601383474
660123994
16214896
44038059
769440507
367094243
130597255
62107734
44566288
524313235
431620629
400594459
725116752
208309616
51669815
992673946
575466503
334534407
389576259
571897517
738363426
14519069
944911839
568526862
388936950
465248679
262200199
465448215
939806003
429104828
738588315
437172154
895036362
152472523
168152384
779333624
456977670
564536766
197522560
956320093
964827881
746983169
355141945
797288540
367317223
176344259
320233715
726495709
90214537
863451581
382191247
926204036
961268158
314438640
654247560
870871700
592896301
66638905
947299553
484141294
594082646
434364702
236113912
257752851
188920712
868057964
757277821
825142075
654813322
206723157
710686082
292848535
759121598
105791003
862939828
191394944
545065673
124296785
264550624
702678068
593707807
359832420
864815737
860869313
494631700
643738142
572224043
168812784
366495198
449556466
685558638
525567205
940336142
271470890
780498113
27759245
621928948
660193542
397064768
951934286
327873349
431399098
538621680
746895181
213952185
474564124
495128261
168691673
633784279
128022987
549695337
525358601
911222142
71937409
945798510
478380337
52936439
257769076
449820975
232818214
890688410
668747843
566946245
526920449
787991404
425008162
437764224
264779596
436317224
382081405
448865069
454521100
284431180
952758083
430039833
203213438
636646266
887000980
285813382
116697871
441228611
612223404
305257816
318569834
926504416
282724399
13670104
444289843
339963327
831770296
713176831
205405075
519688960
554312794
997175388
34915017
587743829
606457186
916088837
341684797
53098842
519296699
655012671
102095857
531833502
948474807
90166302
955853968
649355113
732256550
447309817
906455328
501738111
142295062
29460390
268324664
838885643
441650717
440194043
101014833
547274121
433422413
367183204
478221082
836000332
336687310
418182992
382872251
960557374
593597091
457294700
531380709
144171765
600242174
746623102
414768779
684642926
134199440
573999435
853566992
923879815
495750637
727594860
122108981
52464414
390653050
427171856
19875864
662032215
112268863
413204723
424454538
670573284
845006878
982987545
89498477
528053091
779919356
886426249
713346347
641496125
360969718
390742973
947391668
875161974
369616828
286068661
338246832
551817644
881745232
170881457
746466557
694347077
70930193
238455091
357054260
930487975
153238469
852959830
665335058
326881840
879910014
43341891
681035891
851176195
769175930
602283521
659141765
495612330
211164963
805050150
243345199
160987255
910758
575790723
456736405
355488035
354177074
361206870
318251991
781796875
29042051
130646562
408488074
269219231
139067658
172408712
426578875
908782356
89227734
347413353
898633412
1083789
573336461
776270744
762619842
154874972
192868359
473373392
414897176
208988603
119561355
147469962
852274282
339517430
605518005
247394993
702597221
653108405
696694012
949569091
571700663
897189506
385205204
4639488
996751019
120431817
37177201
786758890
281539333
545751581
843330843
178367436
812596010
28970809
532151756
158248974
779332594
524446847
31898556
390867493
305057210
167435875
833439645
25818440
547983092
818560307
450266898
437511261
293819081
478129367
54811900
872245689
260557630
116055916
36338621
66476234
7631001
595756757
958337439
389587915
964896368
539463531
144543180
561710388
14230747
823538894
731437884
164153793
422459583
682402330
826254628
906452593
812272490
780755941
969078105
164835317
634562537
45473187
972381744
398057843
37498783
944429254
47490519
150683183
454226603
921191083
119852539
590693641
340694310
947064941
68933464
468808121
263385534
734723070
77711529
778206673
173143378
345235386
627982910
831233985
382392350
722627583
215525763
526683512
871235740
219811932
929375516
430451100
339648604
47535736
218226363
100336021
990706699
41286375
771333508
855894433
267426719
892835194
310576997
437038609
323213300
891142849
273117002
785310932
749251692
368693546
248587386
724361910
762718599
292628317
129956682
926987833
653653947
568541300
568643699
672047076
763659852
777813568
52337952
341864779
874446321
955361431
318357347
896458666
212842026
50055868
779483801
865300943
200511699
152505801
418379108
964900282
857362994
341619868
501049681
746391601
873408336
986003007
375845524
480052890
831337985
329730873
249949844
750007359
893137334
812423243
539034678
771240353
601055864
411534831
51215611
159964582
582734756
47185008
660931169
588234225
77871067
357721475
92682767
492722637
904395734
637517092
709640795
499975467
366359813
918489570
762030012
56343670
78453978
586354959
828853598
157669278
243268787
750679431
854882822
942815111
410491911
186847376
438668776
132905718
631552576
77632502
640558575
158476663
796417925
866935997
568965991
212326529
467736420
974580810
880902403
938382533
573232570
710519890
7807066
920564172
725583671
148781291
732038044
633052540
345594016
708202425
553391357
895996007
694304215
871037867
107411731
298145786
416338779
873429603
226616917
208119720
305704007
967978961
82651345
878641156
86532345
708685073
196837513
244045143
601136581
768999066
559888109
302132021
518324089
133586047
316481006
431423331
591718654
829273939
172617729
769585322
948567662
988578811
820054136
882235828
544772438
861979909
759699180
314176179
347159254
578421477
636787536
283969524
95950129
770895954
987761562
425635446
67402663
118428307
909295378
298358915
364875129
487522212
375311419
174762342
272683810
176713107
94971421
556261092
228894241
602991563
209929817
353828353
39515904
605129921
194798267
357822293
712160204
748056758
862468653
883587529
482601332
638747171
5304379
630733025
24968957
851927208
422035792
663906017
326320717
948289583
791966527
523116684
264552619
567043201
285401239
5678794
450801503
643066142
378795463
215193906
773798380
296000733
113660359
489897935
779845754
562612427
906011134
646457017
930879613
508100744
938942763
267708717
251301285
443778598
453976305
314901928
464990276
122912106
453715303
272403063
926600989
947746325
993454729
997378140
222984193
123272474
75911442
698547646
18769735
942567117
398478505
500656947
901320616
368018865
101365478
979499641
491125591
803128827
457990428
639332612
978292552
447558146
718547472
854162859
586520719
220095921
167265295
653599581
69114896
775734661
111040351
968683128
787632443
3017262
998772713
2949510
581812699
208666666
975704723
182844973
913463639
992775007
768262170
312427696
921153506
403842446
605892926
242811018
692431428
359396269
611282324
797736404
631562599
392614173
449314985
637503787
50685536
109350215
115025983
12510673
43385201
800548796
814228812
707026914
724604506
900889610
893550926
546809130
592257941
669739369
611336856
738984239
393365008
42127293
736772424
764029731
956605303
830065696
727645339
273853033
842622547
392038873
827565647
759805513
568677590
787903592
196079960
210320963
899799617
514409980
173563953
43110409
866823103
854057147
421549826
328358102
453147241
527428667
491733113
568637982
608294896
657018105
652887263
263887601
548673145
782755089
554699356
304138406
352703607
270523521
748286737
506582715
71648486
541693912
588242411
863079519
185639883
954708092
865208583
539086457
611605145
647741148
207355445
851913772
941901933
668874166
715837862
173713624
356484477
555554328
177659476
272427144
903502631
477022471
54184732
151172691
762223558
228050502
310330734
637554342
394528825
127425950
208325592
128276208
623105413
886859314
419573201
975571785
829852976
756154759
239659947
908457696
615512137
755131577
347216412
127746520
527125141
893859139
117258881
523138286
415632691
738313728
885697958
88557011
867689277
544936370
7645915
426084162
531549574
489511444
435302454
488469154
648226858
416550169
786315823
705765201
447884921
826742095
696601114
602083992
429312181
885169091
248548721
159898253
143700710
676005506
362460591
643186660
971548696
496059824
286570031
356535381
703665553
335003668
697563086
243687125
347799497
109617744
289702072
450167133
145068615
658301677
876503261
88068887
159299100
287206411
210884477
716454627
40505282
143930987
227279131
739561711
499908634
95158765
62964017
778113123
522842805
105755285
424226319
117057240
973430951
992701331
81082050
149725638
824129125
981885638
604068722
800139574
605488375
328433441
853918599
146694851
767238161
36529660
95210157
783243973
662087438
453231568
358065179
459400986
10846793
915716887
85340924
314788806
77942832
673637539
826407166
814555791
739748467
582382884
921652961
7609546
804062376
191740056
609429962
610499941
906067224
405407720
551271141
912531498
178548067
949718741
514619614
623338930
957718868
62313068
565596376
525249523
864350396
580637964
790605346
536376763
61342783
947454344
256267510
294833012
248371646
360775793
971757984
366557232
555964893
14041299
871505500
420803030
804453428
538050864
63018049
756383531
716423907
417653625
657993131
539792100
254841169
727506186
423882091
877486911
15673027
998689444
875873445
411208915
374058393
52183003
269861645
171950015
265275760
2486664
120715373
600501960
13570343
959919151
208948989
510804722
92346707
494497476
795093573
660671787
731167840
621943126
449504674
58852549
838507232
749007567
744772585
39947668
134397387
113813357
33323401
370720181
26200992
872189711
152460480
85632940
388849288
843248411
461117726
120323992
786491948
62687297
194917793
863615598
138438149
363139580
546021537
956103150
577393109
724005028
61888832
134814346
549817958
908415274
861370568
271691803
969129508
383267755
712879778
730597556
133695554
906057447
818594679
582958282
847546262
864021873
819857983
550637
888347834
485448453
947807420
170722296
863628546
996302790
343016071
320049129
715061003
992074231
825089475
121993528
590933097
378562910
417779403
766645168
590620277
740135301
443925610
614460769
689981158
895878644
429813290
882129039
766778724
22883789
667284712
525589110
172576959
874875285
559812987
799684131
785781838
315614097
843229214
540463568
570214682
606915620
766734667
902134461
372763674
605288720
2487451
396441684
466074292
466351174
84279507
543259572
671758134
767161935
534378991
985079153
29610947
594236606
502079708
572597617
168559410
739040016
964352495
458549105
596230192
293781121
937647131
265195369
728115629
74696671
346417750
35551448
410735754
52493827
490390038
701124046
95710744
923822109
861826984
981862651
692034652
160658681
449378544
606564525
909979447
927970851
150123151
88903047
531269283
478483373
14412126
928102902
723825238
651527841
128931910
944658485
210338407
153098584
117867299
641841723
245575478
113444143
810751682
985043777
404937909
846976443
732390644
827017475
257750384
149637063
271281566
413872855
186654975
723019824
872510346
632035682
322639547
726571118
904470174
546154169
740243058
124815787
186023905
235536503
911861056
547690192
879741566
373506189
711395778
937565271
697556810
292700775
761070341
970836772
204074162
163033089
231869624
160884586
137439993
2801782
595589490
512699321
893930949
337532133
881135266
327075935
129223707
55971735
60164277
23388385
705951762
84407457
400791919
224877279
624837966
173639773
670871221
879853837
638960378
188702080
975061462
499420148
599047227
558294841
326535586
692607769
501443327
321882757
17764442
22337358
379786350
355888319
210092541
269460111
305160812
344787298
417996318
752793252
844392797
471285372
738291055
205838634
28737787
303595335
924647796
738266803
461139011
358368516
217061753
794119046
600793948
377362166
177393400
642151618
386691572
814838638
938043409
552422913
565106565
328762265
363590512
930056038
434492319
892208379
354734020
917964257
3250463
354496409
297511560
319407697
88059929
548808672
919846721
345677116
526892724
656591603
749298852
395151424
241322151
728348105
587942823
983869849
562974211
24881011
549226344
365855192
360095521
994198863
103009848
989350161
841720770
311194434
373521685
659814224
709268147
288608459
636893130
736344322
232671787
247161133
535866739
209455520
216716399
269040463
644507220
10526415
134320797
903524084
71236892
516697308
956269876
645127588
262426751
983922128
737165614
926870394
981448469
564126171
939972208
681615035
183494250
241589692
341713754
664782441
396148332
596143792
162300617
20553414
704357133
954974436
83167908
215680714
275456130
981734968
620292325
336555405
375506124
328152386
304971657
755194400
630464261
214249252
460969112
953974540
883763478
886059289
85061743
607000016
467773876
412613971
542311407
994464659
690525400
925205366
669935762
731070691
170789776
726303832
974060669
85797114
831760836
361689939
547755529
959976281
330693883
868928501
960036939
781631741
400859651
506051085
104942435
817843512
370407998
689862760
831860364
19489915
148233414
912408471
167263094
845994382
942758143
169495351
530070516
758398728
60167025
421550416
514291984
285741928
614442297
269629217
56269460
426389058
76479254
428916193
374592266
940028910
32380070
43775858
146375056
776039870
664390396
758573076
45805440
356911148
317915042
772314331
168662744
840708096
257220919
594454424
344077088
833123612
54800285
609140640
369608589
352467341
176002139
501408458
4804086
281826182
87003979
131936413
532875318
992869436
954734252
670155236
677233876
965901381
473999173
894654490
662187251
92162033
505697634
253430388
197983756
476260038
725671879
152208778
742240503
92159047
897374325
188784671
339674618
785630172
171847967
456537163
523101835
526092763
701302022
715997906
111948205
163196840
316219749
596606104
151322972
181303896
827014232
180757095
196889617
843763258
710649211
596289778
36308379
265716213
248982569
762897016
227829182
671729132
932060843
503842655
106127379
942333113
52152959
117852140
386315150
930424029
14036502
124867973
561107270
329089657
454880970
434461492
907193556
846233587
913178572
269448298
27618863
318746282
488745925
109764942
694786696
277765935
853771207
591379342
425582002
381678770
476907759
921438698
126298814
969106957
640231094
216725761
835284543
70520288
912138430
468087085
886681891
228429444
683269671
68714876
898020749
340951732
396915995
944664550
426263458
482012559
351104146
317405727
852434258
653926698
31584433
443734371
123051462
666692615
761259626
133669854
310359307
639285289
421167402
339168581
78096572
72852725
952292992
150215024
224066735
863862770
865271030
790505218
239095496
617344119
574256929
178821203
469772156
262671439
779659633
937582413
151660343
765777532
591596902
195531636
529641519
147397801
423697707
824780084
546447729
841295681
783933180
646893762
907834454
200410318
499491655
756459867
457000699
919451350
61400038
389894967
884432829
832787932
626646861
449554673
436282382
4892730
163185778
534592780
112111277
93969975
724122914
341391353
112124427
445552384
987806473
322767255
382516283
362632689
94391017
588999951
857768249
878571466
334621621
749640865
437810136
580890294
400653167
714822765
819627571
289140142
207547887
532685223
406414765
5070377
355577601
928159801
84015159
43542181
777245408
681010305
302192540
260504514
757113183
992438980
668496127
213363008
506193767
976200585
402772163
108896165
351163414
919628696
202696833
911736305
119403565
756250275
924561031
52913020
76653616
849429702
904842472
763059393
91502069
912867211
967076922
859907213
846163680
599899235
96133120
425153196
95984247
197903485
676485175
451287123
768193381
332330490
148280431
815085184
555574913
561151548
442243363
459689185
255068151
19289481
722870287
720437229
616509549
24450582
896845693
762979771
160124713
200280264
175496904
610649379
157536136
70534454
356920611
963524020
270186086
966371362
873912581
175462481
405259226
176134017
695165478
783741692
749826456
920248739
985162435
489741234
759587752
508228279
535634765
903850407
809482967
464834763
687272512
324610193
314332596
184847003
33169959
577678884
990563183
240076329
129650027
921893272
519574806
546714751
967329752
932964112
129217611
154873837
484399857
981262391
599638222
700931598
300265517
819159604
899233493
118867827
880044632
606534667
380777656
306712437
44013114
650616905
636266566
261372169
548573668
519779195
384457850
597745058
480680927
467814474
748888649
931367786
902961114
800055420
255838037
530106742
968836760
490422724
88436198
989035974
484910876
198473574
332989146
176756840
955509813
221535113
619000390
291643533
578842182
528477084
247682596
355977963
872218852
950277952
296462280
809623995
166810165
768092400
994273644
478906265
421428094
734244576
469133312
205216638
731427261
920893572
910698548
384966438
231582586
385931376
411803110
571602432
565099627
868814624
680971110
320112883
972553819
951596733
198314952
115811445
344144670
563371545
722392121
564514846
101002179
8910110
138971656
474408600
739325859
627346473
488589070
538858764
604681122
317562844
157071370
778655802
327984847
316440406
784132593
479096318
332900372
775092716
279770561
873444514
401018126
306184046
677219001
487165540
1620887
705803387
103798639
109792749
755377005
20941246
701259952
638069399
657480074
878319787
783517032
716893300
478041949
741611365
334245612
165068193
810118349
643250682
397733593
690827634
596914562
243440769
587452114
467025580
622005492
993386758
384287982
487468803
272483441
398002077
46034076
771169043
233552672
521040560
965437270
177276364
418679336
260948093
46055246
537394309
962677475
884194038
532836258
620099957
650574773
346126796
401202570
995400208
772582885
422198471
380224259
36032119
410675081
907372434
777291311
131632566
494222224
452206845
328637119
278053272
890903808
633287927
162199501
835556631
198285430
98192786
111881871
852425267
755384834
505402708
194282442
763396439
903104036
537647562
624683662
167981292
211711617
372071441
462818414
161168340
38090194
687328381
909725860
521446606
732255735
502402211
871591180
26331932
809136787
478186569
122181392
382755208
434115694
52023352
980499965
701574754
300686121
153724841
90637309
559390984
16447600
252801097
265681117
7972719
422010790
649880773
362146662
997408338
35638909
484120631
39116540
999240999
915295328
127024384
979325331
217880800
117254456
207482690
417958903
345971632
396248036
284980472
856990383
357529002
691915462
132370227
658186840
223764852
440148155
819115892
970454729
22562538
542035854
176111287
799094934
137506708
417905592
266855178
617737362
254537008
260762635
824102685
80753006
455501255
843503177
378338724
32931853
580357615
481686026
439776262
209826478
660111219
363463378
378388384
521354009
782733819
251906299
728629329
424662359
455491065
216121036
973492226
308669487
697888780
875953652
459750747
148663938
483754082
142680835
656385426
730278853
844188391
859769898
305679486
587148279
745185909
9597464
627573800
452091319
407764929
903672653
640504425
971142852
924416061
214777913
500179697
741304965
204214739
802642865
72645411
85555484
471838656
705318845
158909381
954857762
20759324
414760649
251257874
585519388
602551617
746103239
798973893
487712042
386904445
262439481
152733452
142724750
892511330
982499833
71314505
893493897
630346314
830466724
119630350
479937667
711737872
700816724
306491168
528052542
468067522
569370986
555812741
31763949
367033958
48174821
893950764
197531981
205541442
371127151
41563987
97953445
902509905
225969765
441843721
174849418
420836875
236271346
585517560
945675215
472434260
18524286
571855387
64431086
185737481
778309613
459330921
291891257
447453106
992895112
950453706
379824643
478747775
128999600
604844607
928373912
378598007
827045125
566290008
49051098
528326749
759497249
510922902
669997325
125907871
826411988
306112658
802795556
643927015
585521520
87765025
384240819
445849175
801604373
860728007
596131354
662870382
510111370
837410366
639691
46372477
788012720
189344556
175603671
858720587
420589090
84674008
24279935
118773958
656859228
187574755
96241007
260267850
641174948
268037971
941574980
597102959
804373609
328224749
536730000
522681827
42460502
443482082
6195576
52455816
899082529
368654090
818770552
627882755
366818091
115129477
959485484
230777560
601454168
190651626
479399714
449235047
652529942
802820620
329596406
569482662
504935902
315243743
997861539
330546975
350970295
76478465
327578640
796550216
279682060
825905710
923931476
348862361
568058110
158999878
219302447
648185488
865247621
810379601
774865684
865366890
210924394
712113345
720790676
150029371
198092478
598384214
395377999
116599173
925157312
3258427
568596441
140852457
61139657
738310730
938927553
595386533
45433274
72246526
486608507
467831732
749933670
796355120
689814003
93843494
829306073
533531841
953004146
512029496
973497708
967981415
165194844
423653393
414785531
158955261
120146585
981163112
266218362
197964605
26834725
962049015
740267400
625760582
119862654
993094151
765313621
409692409
983711579
914706638
490457488
503200479
932216584
72373789
38739818
511259350
990903513
762813064
781576074
730332762
668549838
401200728
290998625
122212634
805981994
642446381
654196009
828740708
623278494
847075066
832885851
927156444
80347728
334258565
98700034
943213805
503013211
741225409
325451516
105819632
489988883
19198399
326760437
138318114
593164167
369465177
49145064
837185979
980515142
266128523
905889368
587344302
382551872
378240610
225607358
330490214
107321982
732098955
69779651
531088398
863211275
960010360
916395992
884665906
168362928
52833596
417189712
33263688
114250046
904207550
970258751
460337000
93997369
606125707
472219341
33446628
738058657
45491632
177563955
626007465
537052122
827701215
284372779
503404277
510040546
509527662
969069981
814025473
572501630
135726461
918275775
809457968
290504775
366325909
189573834
311144020
249496906
51303540
205720059
805863657
923849746
322513335
211451134
86775259
842390129
233083501
104747911
441840649
829759712
632123641
476261840
299155986
859869122
312730824
769597138
881721037
274651338
813862057
483130328
322013669
785505386
686816183
765772859
81958642
62454175
313225224
672826269
245538269
293345619
372205396
683552686
644208158
526006569
553753935
276171353
514813083
177917593
86945987
142228747
550603301
475160350
611353996
596313235
26011397
174245406
717561688
451178602
86105784
134121976
985198812
215238882
97412301
283146817
584346016
520506300
469782629
842806109
652986943
170784919
231380707
642248876
796602058
71400291
114716730
906358039
812951914
108508331
886834717
884270867
392313613
743987814
255628053
935620155
137776275
837889460
551838164
548168911
994778095
761154079
567742894
788708823
859609818
312164666
618384458
845485504
918793131
691216903
911822770
440203510
386908001
276463503
941966842
955606612
467036108
84965888
985532457
40838347
418622375
599587215
163988557
909221141
546477128
971924662
696040674
842555047
467568430
129083423
659941181
735169874
164516567
172816100
913198105
17213949
798205207
478088542
718115662
600301990
208370983
393813106
29985098
343257651
91060004
73246738
941119925
971939304
155214314
37212584
625335754
920009859
28501128
474637298
734287153
356639101
395379621
655373926
866616026
769827223
49224683
959536579
271655
789228364
736798681
958204729
241651105
299614689
20037422
809481774
324803531
260858549
15741666
849918651
940705272
397361236
478162038
205526832
624465498
518689386
738603559
97466819
936587418
393414196
75262130
93600368
617037513
11749909
973874134
877166770
322408760
18081365
183805480
255151476
978510150
89884677
965644648
57076969
475737569
252224944
522887310
145054605
648371415
358219290
764677759
261976679
953716992
291694045
434105670
209571887
491373438
419156540
936169306
652327184
683551602
636787163
652172849
889363002
967769062
943856030
28678138
652764583
603298839
327306519
230636363
612425119
996169309
597878715
290400587
592221586
813204783
552017409
301720115
446485682
742519334
687404457
630328782
522178426
423666888
410606061
950163550
400650757
924714687
624843190
236564296
716417816
321655558
225351553
160560159
179090861
261101070
434816995
179483646
639207622
556638063
591272932
983264364
40109296
386817107
367314005
499235698
655165040
260842426
500675520
357359002
964160694
400722488
449615853
530918706
386618478
577150660
22303784
545398773
272605379
643738907
695123255
194532947
498766708
348959758
964592931
36363854
732238167
401721524
55609645
865067266
230926960
956746980
151522438
56018187
748791573
5294523
319134025
822320598
895649056
57823082
225230698
923310288
704741011
801890231
906555839
889677868
653071517
728393637
585324905
624412269
244970887
205971460
645725999
988024752
26769158
143491689
349884527
167978483
309402932
672249079
224934842
795032069
582310727
581705895
668292848
593969329
435031760
771368218
473974371
895790185
273390395
941726504
373110107
721075855
950234480
486953812
610584209
54076330
708635494
603689649
321909038
393323009
240502902
963728755
934040804
166542394
139564646
606483609
257011606
298227381
780613182
514689611
781965242
191937035
518987633
554081399
650029586
545543969
618611972
580393173
45548007
86831768
114096357
988434149
119838641
82124406
67382067
7713232
879160539
409733929
692434522
851133640
34921625
353630438
577883210
146120968
2203415
134750638
858610687
836119484
577171654
833856618
486805140
856856953
171470884
52331183
297136623
937046619
679009707
413450308
143455540
159366202
663801582
115016547
160066841
716997223
54748909
531003696
956783284
50881215
252953604
423263000
178498632
545394187
258205256
508571217
361493044
634975850
469820794
624095742
929196104
701169843
235622457
574013336
98418920
313778921
150415142
523003001
317555712
837627927
179906133
540850349
487206374
452205947
995896550
996984854
602580766
66921740
899981459
391843682
906836293
575053607
28047593
399111804
738786688
921812698
307617608
932221450
842679001
851274249
504136241
995239283
175572334
645582604
350401246
191586503
954688830
402195514
462774864
591487241
732985973
856501049
609428801
277995405
669237554
814377114
158668905
687254151
206150505
551978872
820337536
520440611
219522126
401068326
400506786
909320201
81630012
825067851
527665595
81824114
250139210
809330739
666313420
929887406
40692727
240887608
483980832
66966018
327998659
837601742
740053759
833716103
885080752
598568179
869593396
919291389
183290787
525970069
322432558
539093081
595891729
662464752
488644733
806375547
371657158
41742037
508229493
562109042
375964640
187582202
350120264
503647418
915321544
924477679
903900762
599829125
363433900
422201403
669511202
339880682
49747467
806301864
180642131
743130177
578334691
666869343
267411984
510144903
219546407
194414047
30549667
698693270
576492712
165970089
271725079
850111963
784367315
368616551
286232278
867291814
380379536
899702574
352065908
901716277
229420217
261036501
39217253
354077995
568120758
157011905
453559216
842773384
950546068
324679646
359494866
696268845
310282882
720997223
933173548
237449634
575869666
303388557
345231835
760738961
574797259
496205300
241830443
1569298
565553117
540349660
779572056
232901021
529741028
466093270
932201686
682998561
388122938
236625401
667563462
124215638
73113795
922948602
966669211
274113461
804075297
20904903
714725028
878171174
433283238
292831856
500532449
862124883
300831871
556360411
340603161
534392188
894020314
664093649
114077149
796812534
806924718
846148582
694985810
468099944
954073016
147305646
968092632
399999601
925158073
682761568
588232857
120445820
249648546
203393064
577991971
799140406
715949984
728142359
913300870
743110395
894872895
46930734
608938633
126566869
345983182
798573732
782187374
554272492
374373942
367418766
241537260
931096971
43563678
109122539
195005117
249281271
994705324
248444390
589407778
141977067
102312738
794084065
72356389
149423311
178490406
134872633
231057080
926406395
397876446
206305487
319042008
990356649
633423241
430605905
317133418
585162831
248167954
500722976
511244707
734843511
322325157
93712508
783796662
569492597
940582357
611672760
763042188
510389872
715631600
382217431
898050387
655999003
980354350
952576847
368375618
127415845
159477629
684825303
709031240
883923132
811957056
944594336
25194139
506536908
761940968
952704592
105319653
94630906
810700692
599169322
546419367
830205867
800213237
302179827
535673246
583159181
141775531
892337914
947636705
784917130
939547508
811033261
25930191
293846159
73705491
65890380
245468759
256117903
119442299
15904700
786615396
117632021
988250650
130489112
531509868
636714838
743190831
786599402
794576279
557550740
822091035
805879088
66029007
691106222
75621254
803271261
335637791
732216503
721334368
135753873
96483189
134776523
80910977
791443168
790721102
489378283
416271365
769006771
856707706
321801831
265307722
917343738
680890279
706156803
108727146
360496536
701774095
223152260
404546951
877587356
14192482
551829081
453682207
552953189
597211094
498343228
940016573
658330811
735087908
93748483
624266670
925431240
406645482
213499866
373975402
335212516
809862052
792093629
133080198
526420958
653618594
53079075
88508022
811653149
597002082
985024612
527070724
273093548
790694371
329694916
292347283
25900933
754482606
907758862
911856960
60192622
950808324
932606053
940000010
670779276
380809274
380259636
505307485
775597396
108715526
785552120
562185323
296712827
195705548
418732770
73921453
32469596
670461550
548005339
877424604
167923741
244727872
232383152
621171392
716238751
10097002
694756767
484503654
305419020
932993211
553818680
812425771
302582221
946507601
314260931
618189964
85064532
396671895
726436573
907073813
80984333
465359
627551904
525648302
927541915
870121132
565671438
840112684
224540113
752278379
709983328
993521651
520531195
316588962
201811103
463420025
576613691
411240801
601893441
31923183
907927402
307315740
435487779
573204720
474290263
357513837
380463760
463684932
878400958
606254447
495252965
31104751
792404376
268542371
383372614
143639454
51026887
823627172
579060154
519818776
814779086
952130247
850993174
720780375
778705098
586943110
442221571
757426218
279193696
647916501
713429579
203130588
622715074
241951996
600008575
244689272
599924191
94082304
866452339
935869128
575555006
585822520
951129949
534951091
702987273
891300973
483129468
76387075
679099319
469165104
817007196
193671918
837649041
127573723
225652238
864231371
974097952
203572749
442941085
279562791
564718557
487392698
466977731
630531527
677593929
574030322
672483671
833681138
213985965
915909765
519574639
910281854
314583441
413862824
613012473
689442723
787081818
33743579
404828818
925679142
540297553
993636978
727637531
160574626
79783118
637042612
281645822
315829405
408250238
753276418
555298825
602679805
549395267
821089653
25867467
978059262
256094225
251782193
106624940
653379049
648350251
532005840
424967473
544484408
801972252
458177504
698929061
895618121
939335369
289191369
58648789
802551451
102157436
627000421
594136960
932341269
32010411
68932452
951301208
743172987
759279544
398294250
777063925
982456215
933154225
904872112
914040869
664329026
724183452
812275317
422100033
555553716
280741115
236117112
456340551
502542961
88560191
299663450
89371310
354378581
475798259
288145406
472900356
432152064
581765861
712316885
460365091
576972235
859842790
211501531
619960193
795218885
873966224
431333198
28663068
558297868
414842445
8768729
800104677
806212400
661562041
40614638
300840555
210480849
4330985
73388463
293656310
57678660
569266930
798686608
312801924
390902687
269565520
402643061
351172101
965004172
459371014
903114851
253479513
507619765
942401236
930788980
313649006
274837036
275542572
76813051
820071018
788422733
387199656
26985063
327040882
669512551
494748332
134967394
404775061
179611552
791514134
135134940
5970753
702969851
978547572
422107915
743615842
257504416
3412364
732627308
116379897
694881828
110712483
756132021
224928607
444552930
623255832
980685757
975074592
128165217
525829825
173816185
695843651
497138730
426481224
399431979
56682507
866752694
619620594
266437686
551038835
501310333
82872796
761265525
80558353
315017344
941838356
693806375
685841657
756706394
511504281
504750650
96272424
211851050
619774933
480179831
375301579
431325252
81639461
958498354
52557226
296245271
136674090
79704474
239021281
823897065
349055754
607285630
586644848
92062711
23264494
270871685
131230951
641926922
862633152
547312731
891995327
994420879
686502028
892196959
639339274
951231185
49468366
160469567
607546732
315179729
991766048
785635309
807201720
516921321
720867341
391861397
937175427
747627340
86204602
317767053
198181815
305731131
758768252
137213510
537965897
478042375
910033090
644495519
45969245
399260861
902146366
166676256
312303030
402608313
459136124
768922055
916365793
893048035
149174222
212949114
233237051
506112164
718282761
634983753
207695309
312834137
888458546
767710232
34660571
593732279
91493403
269192589
286411592
833461576
73557828
202661117
512418123
878275107
433287020
176894897
997396269
147185887
687904673
498129599
412700398
662042064
652757456
317861875
257824837
538252288
251153513
209913590
275307336
427981910
425582496
555657316
858389799
729965362
942200187
971182561
991349755
434393260
119440307
947224963
62805642
43153286
31355684
766682404
369896004
182755893
149804427
31735807
944489040
118716623
509515263
114969993
404956118
856252326
484007522
821009311
991103042
419928988
633434345
971348668
221867329
480129669
352429895
289252319
532270713
972288242
759295200
639121442
916025393
568910642
495229023
849363562
364324317
847745195
580728990
934833755
11319012
761434617
11462612
107478368
781651625
43160692
177067098
29010058
414218527
955495193
27881010
657314425
730617793
337181291
551064521
694493418
78777977
309222843
292925606
971910910
983267266
810757205
779429055
921989572
664059239
324651965
1172056
35287079
773218573
126115855
283823322
994528398
652580132
891201670
904034671
440362864
624035854
197881267
507961365
492634224
31276508
606546079
804152292
15639637
950774652
80145206
506217803
652136881
215960072
2266539
226881903
508627564
681592926
407554949
934755723
861225483
186571414
422301177
243405025
268329455
562807544
25806645
268754836
396328417
664195007
377728949
573483849
97259443
544389406
928287119
213244931
428191881
289010613
637788852
378334696
201526100
758708945
782767032
204181846
813476303
634665326
660990368
608739034
987661817
117277946
541020969
984606949
903339401
794258414
32094740
98882023
884875339
901941399
254803170
807962160
371373732
314413317
63852336
496119095
490887166
387339587
205228276
893161240
737992066
105868922
762487782
679452432
340513824
962182521
184409119
173840262
139169954
20073980
376875066
99644374
288555248
220632188
748281213
696509990
159575687
723089764
172970143
260642968
982317182
407460929
769518147
567271749
102770511
135712071
500333676
839749236
700924842
838180954
204502316
797151835
525253308
653607704
272630497
934272955
547129925
922274499
189409911
467358373
60657002
7482792
548745346
520321490
739990333
376719337
39795699
767752014
1907676
374611153
431990538
156281204
298399267
291357980
868539151
622608130
492820934
796944317
927932440
804185113
301876412
539871403
210377611
486851851
881968080
139544814
960776231
493179933
954974437
868654739
132754077
633125093
298236951
769660719
226096943
145939775
963618012
558759802
965804415
101948118
956727114
569255696
375882187
286189534
38720213
747657473
8798785
351738634
295404889
846205089
290452411
479751180
491321076
400018643
638248114
670279384
918232433
16123218
250127704
979706581
209801143
368039087
72926573
220367384
537937359
77534899
711553002
929486402
971410858
435955696
59336069
362952647
275034922
209570605
495883212
373421318
172648229
182556434
465571915
59064778
274120429
24164321
167697159
269675882
107446385
931301948
737146751
89570834
524616408
256239637
621725315
45294549
9821507
285491620
233739644
345950414
779459041
12452512
184500280
22185611
143436698
374088576
169447985
861616379
263198940
723862310
689537223
937606118
505171736
227950885
740566652
325142738
327759257
787011771
970513085
43094883
995076681
409944752
626210231
469026007
168682021
151115330
713206723
835570442
297324583
730307389
274763844
85925725
207515566
76435775
461716440
198299095
209173011
410820589
107193083
710866098
499396745
399634768
155705542
481437270
52476426
486265368
763010991
304429156
739735766
467576774
387780792
755011606
177269068
34947134
727799631
573583860
807176731
649292468
925917446
933624730
989876952
240858295
393548785
585840250
790289421
626927298
527550903
902756708
390930670
443800645
940330219
154713779
832915811
399928622
464135399
590608991
53015892
403492008
733501176
556271005
686667272
342708912
968939425
822456109
484008420
889437429
52839486
858785524
630599263
385145527
67320414
774928876
614496232
776233612
918179205
57283310
447790311
208801885
221383421
770142428
889388057
312487485
313653260
257878200
88758404
276757257
419705927
896676001
817309475
293531925
840151374
396646655
971207655
781352818
948172367
903128416
798239737
952825381
468335955
779461136
879715138
579482852
437132815
339999427
949134270
235810012
810160456
111228992
960154151
286843441
89135872
271850826
931991725
261380909
529699604
804586972
570299434
124218496
404717704
943172
320065227
298902665
728431385
856493168
73816002
527170894
837468194
107915430
805008966
499158802
918301126
299733325
327169718
988951437
400941741
173366922
80965414
173550206
857163982
458236962
242236639
740128882
844192652
726791541
852866113
215027995
842616946
356995107
175644169
321816443
912771542
904937241
239749031
281235152
262947488
340823473
636101507
134385634
303308105
548306328
259759617
629932980
380256963
416205806
805371931
420519169
28388584
375617156
439641584
940266920
361963324
119693454
142594725
265185376
69347879
706440331
29924097
794871351
939465783
657429513
891265731
113718550
241942512
366609623
362508765
704133026
910146243
270058878
110181172
841345420
107251165
893062226
915540033
925599792
736038066
477276847
298038766
17653534
138244579
109509538
8277663
153714801
135349913
365426690
636949624
226543923
111870715
290256509
838140066
680829693
971840066
316126518
551186958
283835619
234374756
10255584
461323466
752058992
477207018
487234904
146139164
515479806
610794796
793480981
182229941
122994215
804468575
738545326
896148471
910994337
690470935
378260931
605626508
545368414
817124093
181697163
625104719
72961029
400347321
439498002
284192278
171667765
474488671
813828230
22485698
908142998
95279151
107967610
272705591
310389187
393646888
370203682
947233141
855061053
346309249
525473248
656657027
899898442
599824157
996168291
207745462
189724778
484743422
385827963
187170522
266882285
588703584
479802298
257841454
765333550
846110819
900207053
290513571
8874299
483052839
978578005
51777855
909871344
506226467
382170809
573717345
213029389
687908876
846700586
994862480
818863750
569286228
228402530
685952710
692633432
44258499
14558225
26970354
733607090
567563079
404693865
933435707
652848293
921065718
890860767
526614089
110108678
551898164
781507056
650661463
447804677
251272158
425713932
826762045
289906311
810101011
313833464
988544991
738848803
887349520
632134648
830151504
384081316
505549484
149058645
495677320
657937620
426686986
619020041
852962196
622734954
212627901
465453242
936437734
157041433
565465443
270987076
786518209
620252226
279470646
180202339
135960218
292545043
445240692
23588411
841975480
277334394
619940974
34045915
522797737
296722582
820856014
293961751
942838484
26081373
790809622
801636855
724361951
25517364
141718495
816959019
564776703
564370881
285989517
997697323
322402804
504988513
300308456
447107303
56004299
894778562
513396723
73628547
204709089
759917002
950152270
864444098
381321125
779014656
815689516
589734237
965605986
244656848
200707848
526715218
747534128
77184572
146941262
395953786
919542395
654106506
815137295
868391995
133699705
236653472
365780098
769698134
91398576
300752037
26405646
729041132
971298780
478091603
573232911
171447198
322481069
919614394
50984552
960204260
115603493
325155801
641617755
25169066
482945467
672468848
997225003
328066428
996179239
438119341
745673852
274005791
439434802
983635159
136497722
537099039
84591968
702995118
315268339
517491771
864574533
116322289
826226352
555537348
753233762
833883511
665814577
666123134
941383301
369448860
670932086
986221859
610146416
822801502
823209918
283731814
562858821
351333305
828137285
534576984
540815291
973386605
958004050
428865931
776444156
939956979
165099631
513764718
20355517
152069982
925336988
330715443
505983031
191054208
637542789
64650666
861891500
926051256
511726953
49130392
857817180
617119794
947459166
118815886
134265340
392886296
117708851
705914202
169626355
122886190
829645538
455039009
600939852
812399447
492385006
905362761
437069718
251720214
898860438
313263201
661849327
15509171
58561555
579375146
158692475
394791990
826978825
411725846
337670111
862365475
800657387
462973287
109494614
913620576
580935378
744120287
98589063
942925243
256966883
467740981
532816589
477620338
564393621
555422828
181525596
917722514
778118258
804985521
828795875
65536198
309498137
38617494
385901173
144465819
177514609
476869974
700725282
161523462
837736400
937472338
982805713
554243229
133953650
749377587
999878711
510670677
537421379
656972829
978667106
69677997
958812326
787261316
903635560
775048717
492467104
303372457
78567485
34970436
699968271
521887175
893385044
868395889
826643012
203406856
96400990
471636466
903267979
680450326
252525240
463267533
64408714
331429786
154181913
579312906
927043448
952475065
506821821
94649035
644277932
177678826
408139136
938741103
777918036
120386004
973383482
501878024
172535364
62901393
307741018
122174762
206528802
93659496
142087020
254065484
396312808
175370504
682407329
344131313
730465674
937044883
737079138
701673345
464402243
477904842
911501962
510147357
762254461
462990148
418422985
567601626
552387159
223034071
868686803
836449083
92198121
739990395
567193834
717466451
516677353
99442000
870063147
831993303
778014730
410521059
893631505
401260577
351477103
999026979
343811099
219917405
328327164
789175773
380904978
309047811
705929873
923846424
376749685
601035136
562912434
577338794
446167792
356974452
222356384
383520795
286345907
45202162
313244705
314132479
389317763
673297952
594952589
407902476
895317814
205884711
307886917
588944721
287009502
293024791
571850889
809617074
3193004
910971439
553850012
213983121
553487513
901607339
676064480
900313783
492903106
968015698
812194076
819810932
542202371
807562818
31548122
339974996
336677999
495589240
64279486
918730494
848529991
785092974
660818339
867458592
832046773
976836868
42541608
132763755
711360440
221195285
667810344
58571779
868831241
505062624
813296715
333607961
804166266
575964697
676126839
908101737
962188837
38859433
459558082
154196927
129348897
414307448
851652946
344645261
906445352
330040693
690723761
186797627
169594840
216761021
274790423
951209031
928621364
687271335
353111090
91534143
600406318
163576976
792504044
515620194
367299462
345009135
626432835
999515485
346906030
792581195
283080242
953020720
158163399
336560330
826802985
620737898
646658467
33765891
667043211
117865894
516955097
784278606
682094653
414171944
73009067
476735791
826183437
724386552
787810820
393714248
121266961
747181997
136556779
764400398
17691402
159701051
953688138
106454649
709878722
856467035
979411862
263904850
373070050
975277447
45039527
461911188
794146164
303410816
108794837
868447121
556265708
843120071
721313079
610296145
92143613
452802493
233288846
753894227
800395800
810895789
681075595
728271485
378745567
959062230
92658642
673238237
555079675
92698138
195122243
750326613
413640738
294492404
863022341
202562650
697860537
791501054
980439203
611261602
980782071
117429357
694272784
71890831
224736322
364733820
21153664
382104531
586960860
565661480
799821909
706086126
997454614
898598199
96081703
758593489
459610411
252030815
964744442
330945269
102207421
894318149
408090512
755506778
206251683
249711327
17672224
493072706
350207437
23731722
922350419
608687956
204681897
538412599
725350449
36256806
606424828
266909767
182706773
145930122
251131966
566049708
301418468
51865295
556538344
644243979
976430601
646530918
566265700
631396392
507086470
675142252
568119028
799636463
956637925
628349275
151149723
47166707
665756499
941298572
874805429
471374701
190394126
118474663
357911882
738068194
432221383
427111129
607968344
12713184
703992237
911760613
103272402
318065942
506013891
500633532
444855994
704980424
809503478
867041510
579123011
790215693
671915815
325044187
892760478
626448970
585230586
597700205
166916347
547438046
923574223
267851131
646164682
810459088
13211894
92616926
354557006
10099606
658712756
465300248
369543895
976189412
424184064
590213362
284002318
389548493
312978854
191011409
763618979
732283077
824998999
498941590
72066891
597368635
906043815
588641397
791831391
589885788
135021177
190468858
36758775
386099600
307043254
499886704
207764401
94277337
313105342
315328624
793909085
535131673
697785539
461988925
283190275
484561179
525844187
358172611
644861252
449487580
269526040
301057366
86956392
369068508
149318699
671307211
492366142
161333577
719266629
945429844
764379004
941739651
729034570
844793429
730587350
435060143
45510840
119115971
283695815
63917672
510674692
461876492
76608957
540468788
176202443
115779460
467708288
925907693
719994378
574027472
624701624
206724978
561496624
728726281
238695860
613238679
492248783
747043392
450590604
420858404
353381919
642106118
613574541
35600656
582061829
759477618
926660519
848271476
272012000
259759239
242100408
920028916
131920936
665064623
788526285
269641170
71547911
437737172
584116004
55369546
711197763
386559514
755989488
262546229
174521816
434051465
59798247
907392730
605548388
894385129
782024106
834350065
857496626
137351972
608512829
776066812
471644614
484263426
444165922
78132671
825820401
415447585
126947153
563059839
913045151
746735313
787626881
425993080
645719004
835780899
718782537
978900811
763735046
840631485
592532717
734589506
429108006
228112320
156525853
68409951
791434502
365095850
828078792
85796119
941802798
49949815
957774061
929955077
558895132
904970146
415551121
757505922
206000726
98143567
85556040
552780255
790001015
993387132
107719346
231850702
400329449
376110721
590397451
357903700
569378183
632241322
489023568
294118567
331405900
581713884
56449474
121705761
998725775
259059160
84201336
861029514
994363010
770074763
806129384
614260904
542641280
911552734
851603846
658999745
268518396
123261064
160045152
363040733
376721284
542625053
888671461
533067198
551393334
200136039
196748663
668132389
49336500
39456492
816474446
252535189
343080792
22639985
948234054
633210536
367308850
576869344
832033450
521288750
303968557
629285449
20273441
446220088
737646516
584154400
944652827
255516825
95426045
200321162
876723366
536968399
289041422
558841293
235410779
130682479
1553620
611407314
584812030
501188296
897117456
356876661
713617123
202600895
700024790
534190138
112045818
619715817
522171358
204717088
443113818
75725771
641457932
56874098
487369847
505235806
881516832
671586085
754709317
486241493
673142349
632842982
671322364
42315456
4426256
931876720
75548676
542612114
775427294
949535059
240269634
555321574
457917467
839795534
315082464
630633308
878215146
933054819
255344014
603837126
648006260
195472647
920642848
809924694
740450994
229985579
537719594
336226959
955192921
349768394
870684714
229121163
414962977
748346962
24151094
747979643
741811589
102831825
956308419
140194755
733651163
743545076
392405919
305413845
671099237
69543668
900108471
252749428
220543215
718191755
198250730
212290342
594175924
254834044
156806568
823682028
761853979
287063876
387882962
333400979
820067014
610399985
687711950
793687158
137565337
537466737
875941926
709218460
281985676
596778610
883892293
287462741
92944000
422558814
42351584
395023257
974646727
196971963
609487815
363343765
853831299
201794027
766599289
482647931
667688113
972421198
6381067
31217508
294871631
23404353
476944174
891740353
60609307
831679679
591305294
723549923
263119955
958828316
729314980
853659776
646395635
910832094
521680178
756126157
107721987
835046367
783690649
240604024
666662942
660609771
935213339
593783771
290014732
591349419
228607427
163016756
234157398
897757968
418435211
868780750
900297740
307843263
6501065
93441198
706141201
680479132
724848992
340424763
243119780
561381045
300076507
235106769
550796953
791218304
38795436
976849597
30917489
348141051
83607551
79238277
884469012
787590532
84347418
250897616
593699412
176816751
673892124
574633261
680069158
808554441
718131960
774376265
300783792
710319890
424273810
654290627
288604527
934032711
809087923
683363783
214111867
179572644
655732273
253692827
781388777
736966312
714099303
588732979
937571496
961336690
514053086
545295913
321918660
472652656
834759441
615059349
76645714
852259225
629540578
972744302
940128293
491503385
196511055
395449046
297462429
32319231
424264692
744562474
843702464
489469890
675143862
281919709
222232797
572641583
172177568
147226938
517204744
622807389
92931501
472975886
724305894
646406745
403217568
68930134
919547450
98034324
19818551
348030298
215225040
726895395
204272167
158813380
729293069
787811831
386735017
738340159
220485660
940593598
665855910
984298225
761837736
272444453
734814511
387862834
997721919
524427875
898466116
931925892
277724463
522195819
433137798
173956098
35005574
277954890
701160093
107350474
778448366
471301091
92203575
863702692
319717244
742822634
279284436
482046927
58469202
31009494
832593580
713447837
663070318
605269233
868469635
211853420
241721183
768408660
595146347
622557111
409220358
750073312
658526691
400357594
912464429
600830845
64543709
137953858
192172676
617291894
848625640
103003750
767009148
671780228
983102770
479478120
256519186
490628179
204600996
619150447
199273757
349911397
767635643
675637597
426735566
51776365
192825942
72832672
638345218
202169514
440807765
513783570
563868229
674989227
988534480
202712837
582310643
177135767
224741244
843217886
659302498
358196757
595671131
167818323
716137405
829215461
110380273
931658317
810377133
522954214
262941998
234873588
557741798
674574474
200096283
924504853
853423992
626934850
283610172
325298255
885015658
75891584
9195665
488556891
737577480
533210222
611125019
995009096
132269364
568366423
369327645
286448649
182086086
201820840
417964290
285305525
356135643
523677027
492594375
525958515
444930519
646082693
577492072
685405236
765789097
779817891
828790018
801583400
786810601
551001700
497740516
376704429
107519930
501916062
270929477
487499722
135089204
528631503
84189663
12753546
658213711
748139748
889795973
265710770
638496095
517271339
318506264
418592114
113402815
797251509
558507850
75267455
360058760
312469331
89349577
582548775
871953405
263978199
443575116
221065664
348002403
5165529
151101732
928611626
262248238
569368708
407252515
293558494
509491845
582872148
656992628
853877199
37532319
599403053
739151300
152596660
547150593
623329404
380174950
466915327
195842133
218030922
435691960
71539124
279265214
216827872
192980039
768707015
716081540
452846868
656151763
139973889
703391960
179360678
27232480
205357435
675106050
800066415
734770748
995888885
296147263
662770219
535002261
596797361
561435370
611549907
900845604
650720690
645730639
294357785
523256633
157791533
129715912
238814739
319589141
576325193
324263350
134122598
48195348
436080266
950477999
374382203
660925280
585369006
115576361
85979666
938272135
262348683
216379408
483417038
470117830
423309004
470275858
14978139
923286890
721662067
482778064
444502988
348480360
687101836
165843372
712920705
133573410
316879593
789363098
25196070
214953226
630784192
564474946
384249245
589352319
693377284
766777893
390608307
25044578
751745374
316380431
821162004
584172033
767513153
107707086
903191722
844387207
213528221
341783719
927623226
532672851
946488742
16789928
848695321
108599292
235354319
95224077
941429790
984695587
786086767
621458468
481486656
949743299
561868315
366734642
499900931
894982288
583835142
511570532
354476118
650467261
115826579
540384971
562805778
642047771
320724000
414317622
488058443
727936677
854554663
475626513
559308565
757346762
318562801
937316782
371849938
455654058
525790827
835133786
869661733
134183828
838938409
863342221
650253057
162410031
836900183
953905193
520307384
440718427
5421537
770804270
754578714
265754952
219136781
194424104
902201970
489059881
439641903
455136858
531416614
887809545
58413603
895458024
83018717
972878115
161046569
567056161
820725782
89868969
502299485
255150969
553513704
413334290
638925857
671707811
683532953
25668090
223251246
539487043
91568310
634102601
118305552
441385793
991323679
885482441
650869662
151088174
849783950
89748887
253117072
894302124
28546312
228958653
439286934
473768015
247430302
410664720
41743298
834432878
207581157
205360431
910653810
714421691
686154249
586064875
829941070
801650951
999928515
109856386
223201666
616238194
631442150
143609714
418757115
468458048
470196798
261667249
230088184
9259786
375844315
782415597
842835003
90741299
687436823
915523666
606781378
616115381
513957243
661418319
431435782
940565234
155521221
448359661
300173782
944701962
73835815
649827869
989309718
48260488
334729219
18151730
720542685
348308464
823358193
180713811
316022262
375410718
913165051
881523279
56034832
303112082
501824557
864372840
877632383
304457349
905547180
980503139
774671850
99846882
941637137
737034933
102699642
783444526
688705179
377020589
901769269
695777733
911444077
985060087
203153242
578863726
927533023
312987742
218263378
710151415
671482575
302239066
740948756
765437203
174126535
979056968
74354942
973084152
504516344
479884620
639033993
132845807
841822491
56486712
879753443
408660404
655691012
748604901
922086039
441008043
261629072
998541160
535807016
676441488
608520024
410337659
96827471
160862602
903793761
498830109
691461093
428714444
538003006
447920610
274335909
39646743
916198186
389601599
937440979
95808318
63026192
448467883
349438259
880921976
717644829
955312764
360744402
143950029
403327600
166912854
719878223
264726716
307300705
386464771
85945176
888718065
556213956
840840923
289331114
1205992
741270679
350354437
562550234
531765189
183844243
98294237
235707317
1829697
962151972
280673770
160978642
324231015
975565118
595881714
897264166
924996350
996226544
259154644
424301663
638957266
485881222
673297139
663751923
193857955
708684003
879773178
121696727
516479265
78343667
199574861
403126139
379449437
807724558
757531337
636028170
662594657
896058358
546880642
178484265
495977590
75914826
119900390
331655592
162851549
231110849
347024532
274878180
226510391
387931385
154434470
538683872
362669492
799153658
783014394
657811544
38565684
246524945
143005861
644914908
635709440
298654208
864171037
574983288
67566622
508099818
295950108
479921685
546729773
721213358
450937139
953367094
54122922
306423742
701524705
597243237
433380233
747399322
844781941
796643252
911466974
274907665
106902183
156392735
503508500
184199380
267739919
537034006
562516391
105254015
552142066
230294625
950106914
365567242
614423453
626718320
595680444
236468122
621546316
127854458
101964895
356101490
92515456
427611982
272347665
823013263
860857284
628236318
958279428
704475353
696674381
318778200
705030716
681835787
111128461
133568486
178346702
127100873
815942725
289335839
607166011
956295376
488321742
234294748
671338107
631151675
434427623
156106332
273213975
11936338
857203581
725241651
624982542
815311580
366903855
340373556
487955439
467666734
689279765
67301073
939067667
360792748
679476393
43864819
953441615
68102352
470336498
262278362
496927871
29090548
96164858
640709770
121369397
560383748
52236073
63068270
156212225
191665007
988762594
641070239
545933435
180364679
511176270
652417488
773583357
475714905
381536949
998483218
610116848
377335690
63144804
2360610
460706087
855051996
289715688
463047091
846551531
130720392
414464218
940605281
283422263
131592929
343658670
904853018
812174673
320278120
805886810
893987043
596042165
300592735
533822108
197967301
95772648
125984195
540358759
63326551
244472073
540217737
308796358
91863646
115001403
242434633
495955554
503956271
202258835
693762857
871112424
883946001
192635020
797834269
221225827
814094857
406508979
434503502
368841494
157086631
11653808
636739555
732511832
57723084
965944099
714553971
966505268
833244142
638922430
952773903
556431539
112249571
70587884
173080962
176937276
35247808
575291596
183403909
378002723
566264172
996912801
475534163
141267003
759534047
112594343
268868414
98362963
357085953
795890488
427388779
970589378
335348298
341384306
886386168
894261061
726243430
67663267
597698258
579425508
801791204
256759126
881960627
496556169
779261592
603367593
386817941
675797939
556754411
913057266
625961164
760033615
606758296
841639618
407181854
76040001
841886309
95885117
851120184
740943695
237173601
166996742
981637166
696985328
510728332
692126355
305815793
439728884
919965502
980871671
610284888
399682407
87225050
412524654
62457138
22920893
508072272
393863458
54016290
394616159
603497367
47215928
704070415
515216255
416035088
389092817
604123615
790791271
546231890
541029600
618509089
514173554
5906801
788470506
721790822
873884730
69727069
204954504
653370372
31196894
90317235
493005827
115074385
9554955
544082438
543413114
896480333
361938380
61793659
433129053
536242516
220051461
393336590
943324323
197582246
492130614
490137153
111718141
497831106
817305749
58738172
19657802
919442369
812457994
734679101
12134904
62591724
354509630
914633746
622790831
728548090
617582987
993446396
160616467
779262730
718554212
531538315
311163201
763967103
182608613
250393750
166950338
854949170
237030569
412621519
745523313
239267711
973418016
573318960
586276300
178873762
135609128
482599358
325531584
536209503
89181313
847868132
507445353
203946129
966974877
125200835
841915581
800663236
329434610
43261929
641901992
891000011
412559748
379863600
362665314
105528016
180495460
852052163
978828999
504722624
521038191
143609634
400322863
621941298
569166146
40682487
456545440
347271722
852526646
111042116
589822159
657122779
527461137
29043036
861364353
764272442
393069906
630144756
914465640
622027367
196443945
877128358
267128577
35181990
316680151
246014811
149160719
563627097
761487831
262034263
137447587
886725092
518236906
698821848
162991624
399741327
166829534
336957774
205728958
767229990
904582096
870337326
593365456
914993617
665739829
867350562
260838725
715967041
394900335
618252521
937292285
162611182
405665700
922591741
203236134
332146109
470719257
996722337
680775974
366582491
105108455
961056221
661389224
213058908
486325489
159798508
541675551
134756489
973361348
460283021
288925147
436120122
258220121
678930099
169654440
569344439
731400678
402249286
583776853
61311606
3433995
603392604
978203763
962691211
659522410
343843924
243081625
147673868
222883541
486432239
885426020
194110948
252768617
475239539
9143892
823473109
862752854
646744009
923368678
160445655
794953566
927790471
983120581
813874748
665459002
905313106
686001946
351697501
868729894
375494595
948775595
198301206
895075860
393081148
119391614
116673
461624812
860274101
966342756
527221499
737137742
904335486
818318133
387188072
938092564
672084922
451789114
195848925
558961619
870017882
639569196
81203428
279882459
960312197
499282895
144367774
128139834
954305005
669523211
864815530
726441595
166479195
203940206
769220235
36764217
490366194
429353049
296991040
991450098
390089143
579644612
223523628
274391191
894512395
421405757
635550847
603403559
539434032
522157192
930563346
790702673
544675497
637157419
487818554
956060420
308628399
182884263
818645252
652199379
694348684
812567390
637123674
423645930
883570235
123611961
778828767
732362930
129236575
263930512
986730250
104342727
636536281
856331372
322644163
944208334
53541628
913960790
424261981
297415608
473868858
524822619
937672960
832374375
148539124
36172087
699004929
476476964
423181604
182169235
849299490
721867454
60780428
699816313
975465049
337410740
148393829
723932846
383438714
695422746
314015517
588100118
155446918
866058253
441224080
994444715
363645116
412853064
631828889
846294142
114113320
737509785
295542842
767481976
728480521
144829793
703126904
610584775
432369847
721877165
739417773
327327063
990813307
449331889
951141027
641151370
506267227
798244649
820283284
559927698
494497094
50088722
873495826
929767163
600651870
396550811
80385377
